# Sprite sheet tile map, 32x32 (20x15 visible)
0000 0100 0200 0300 0400 0e00 0e10 0e20 0e30 1100 1400 2800 2800 2800 2800 2800 2800 2800 2800 2800  2800 2800 2800 2800 2800 2800 2800 2800 2800 2800 2800 2800
0500 0600 0700 0604 0704 0f00 0f10 0f20 0f30 1200 1500 2800 2800 2800 2800 2800 2800 2800 2800 2800  2800 2800 2800 2800 2800 2800 2800 2800 2800 2800 2800 2800
0004 0104 0204 0304 0404 0e04 0e14 0e24 0e34 1104 1404 2800 2800 2800 2800 2800 2800 2800 2800 2800  2800 2800 2800 2800 2800 2800 2800 2800 2800 2800 2800 2800
0800 0900 0a00 0904 0a04 1000 1010 1020 1030 1300 1508 2800 2800 2800 2800 2800 2800 2800 2800 2800  2800 2800 2800 2800 2800 2800 2800 2800 2800 2800 2800 2800
0b00 0c00 0d00 1600 2800 2100 2200 2800 2800 2800 2800 2800 2800 2800 2800 2800 2800 2800 2800 2800  2800 2800 2800 2800 2800 2800 2800 2800 2800 2800 2800 2800
1700 1800 1900 1a00 1b00 1c00 1d00 2800 2800 2800 2800 2800 2800 2800 2800 2800 2800 2800 2800 2800  2800 2800 2800 2800 2800 2800 2800 2800 2800 2800 2800 2800
2008 1f00 2000 2700 2300 2400 2800 2800 2800 2800 2800 2800 2800 2800 2800 2800 2800 2800 2800 2800  2800 2800 2800 2800 2800 2800 2800 2800 2800 2800 2800 2800
1e08 2800 1e00 2600 2800 2500 2800 2800 2800 2800 2800 2800 2800 2800 2800 2800 2800 2800 2800 2800  2800 2800 2800 2800 2800 2800 2800 2800 2800 2800 2800 2800
200c 1f04 2004 2704 2304 2404 2800 2800 2800 2800 2800 2800 2800 2800 2800 2800 2800 2800 2800 2800  2800 2800 2800 2800 2800 2800 2800 2800 2800 2800 2800 2800
2800 2800 2800 2800 2800 2800 2800 2800 2800 2800 2800 2800 2800 2800 2800 2800 2800 2800 2800 2800  2800 2800 2800 2800 2800 2800 2800 2800 2800 2800 2800 2800
2800 2800 2800 2800 2800 2800 2800 2800 2800 2800 2800 2800 2800 2800 2800 2800 2800 2800 2800 2800  2800 2800 2800 2800 2800 2800 2800 2800 2800 2800 2800 2800
2800 2800 2800 2800 2800 2800 2800 2800 2800 2800 2800 2800 2800 2800 2800 2800 2800 2800 2800 2800  2800 2800 2800 2800 2800 2800 2800 2800 2800 2800 2800 2800
2800 2800 2800 2800 2800 2800 2800 2800 2800 2800 2800 2800 2800 2800 2800 2800 2800 2800 2800 2800  2800 2800 2800 2800 2800 2800 2800 2800 2800 2800 2800 2800
2800 2800 2800 2800 2800 2800 2800 2800 2800 2800 2800 2800 2800 2800 2800 2800 2800 2800 2800 2800  2800 2800 2800 2800 2800 2800 2800 2800 2800 2800 2800 2800
2800 2800 2800 2800 2800 2800 2800 2800 2800 2800 2800 2800 2800 2800 2800 2800 2800 2800 2800 2800  2800 2800 2800 2800 2800 2800 2800 2800 2800 2800 2800 2800
#
2800 2800 2800 2800 2800 2800 2800 2800 2800 2800 2800 2800 2800 2800 2800 2800 2800 2800 2800 2800  2800 2800 2800 2800 2800 2800 2800 2800 2800 2800 2800 2800
2800 2800 2800 2800 2800 2800 2800 2800 2800 2800 2800 2800 2800 2800 2800 2800 2800 2800 2800 2800  2800 2800 2800 2800 2800 2800 2800 2800 2800 2800 2800 2800
2800 2800 2800 2800 2800 2800 2800 2800 2800 2800 2800 2800 2800 2800 2800 2800 2800 2800 2800 2800  2800 2800 2800 2800 2800 2800 2800 2800 2800 2800 2800 2800
2800 2800 2800 2800 2800 2800 2800 2800 2800 2800 2800 2800 2800 2800 2800 2800 2800 2800 2800 2800  2800 2800 2800 2800 2800 2800 2800 2800 2800 2800 2800 2800
2800 2800 2800 2800 2800 2800 2800 2800 2800 2800 2800 2800 2800 2800 2800 2800 2800 2800 2800 2800  2800 2800 2800 2800 2800 2800 2800 2800 2800 2800 2800 2800
2800 2800 2800 2800 2800 2800 2800 2800 2800 2800 2800 2800 2800 2800 2800 2800 2800 2800 2800 2800  2800 2800 2800 2800 2800 2800 2800 2800 2800 2800 2800 2800
2800 2800 2800 2800 2800 2800 2800 2800 2800 2800 2800 2800 2800 2800 2800 2800 2800 2800 2800 2800  2800 2800 2800 2800 2800 2800 2800 2800 2800 2800 2800 2800
2800 2800 2800 2800 2800 2800 2800 2800 2800 2800 2800 2800 2800 2800 2800 2800 2800 2800 2800 2800  2800 2800 2800 2800 2800 2800 2800 2800 2800 2800 2800 2800
2800 2800 2800 2800 2800 2800 2800 2800 2800 2800 2800 2800 2800 2800 2800 2800 2800 2800 2800 2800  2800 2800 2800 2800 2800 2800 2800 2800 2800 2800 2800 2800
2800 2800 2800 2800 2800 2800 2800 2800 2800 2800 2800 2800 2800 2800 2800 2800 2800 2800 2800 2800  2800 2800 2800 2800 2800 2800 2800 2800 2800 2800 2800 2800
2800 2800 2800 2800 2800 2800 2800 2800 2800 2800 2800 2800 2800 2800 2800 2800 2800 2800 2800 2800  2800 2800 2800 2800 2800 2800 2800 2800 2800 2800 2800 2800
2800 2800 2800 2800 2800 2800 2800 2800 2800 2800 2800 2800 2800 2800 2800 2800 2800 2800 2800 2800  2800 2800 2800 2800 2800 2800 2800 2800 2800 2800 2800 2800
2800 2800 2800 2800 2800 2800 2800 2800 2800 2800 2800 2800 2800 2800 2800 2800 2800 2800 2800 2800  2800 2800 2800 2800 2800 2800 2800 2800 2800 2800 2800 2800
2800 2800 2800 2800 2800 2800 2800 2800 2800 2800 2800 2800 2800 2800 2800 2800 2800 2800 2800 2800  2800 2800 2800 2800 2800 2800 2800 2800 2800 2800 2800 2800
2800 2800 2800 2800 2800 2800 2800 2800 2800 2800 2800 2800 2800 2800 2800 2800 2800 2800 2800 2800  2800 2800 2800 2800 2800 2800 2800 2800 2800 2800 2800 2800
2800 2800 2800 2800 2800 2800 2800 2800 2800 2800 2800 2800 2800 2800 2800 2800 2800 2800 2800 2800  2800 2800 2800 2800 2800 2800 2800 2800 2800 2800 2800 2800
2800 2800 2800 2800 2800 2800 2800 2800 2800 2800 2800 2800 2800 2800 2800 2800 2800 2800 2800 2800  2800 2800 2800 2800 2800 2800 2800 2800 2800 2800 2800 2800
